1 0.165118 0.453158 0.022773 0.039017 
1 0.186483 0.422392 0.002799 0.009750 
1 0.205376 0.399454 0.002576 0.008742 
1 0.795003 0.416008 0.015255 0.025483 
0 0.223885 0.392087 0.010406 0.077992 
0 0.448371 0.297704 0.005549 0.071042 
0 0.461483 0.362117 0.013133 0.109683 
0 0.533891 0.409788 0.025396 0.097408 
0 0.644070 0.345046 0.015661 0.088758 
0 0.802008 0.413608 0.010125 0.081617 
0 0.636733 0.583708 0.023773 0.156417 
0 0.507993 0.340625 0.011409 0.095083 
0 0.416806 0.281250 0.008836 0.063167 
0 0.623474 0.315879 0.012167 0.080425 
1 0.688441 0.369633 0.002805 0.010333 
1 0.847316 0.489813 0.003122 0.009708 
