1 0.165118 0.453158 0.022773 0.039017 
1 0.186486 0.422304 0.002805 0.009925 
1 0.205376 0.399454 0.002576 0.008742 
1 0.795003 0.416008 0.015255 0.025483 
0 0.223048 0.393854 0.012424 0.075458 
0 0.451605 0.294096 0.011320 0.065808 
0 0.464888 0.343033 0.010563 0.102317 
0 0.597214 0.384083 0.017188 0.105500 
0 0.667820 0.327225 0.010417 0.077950 
0 0.776258 0.375521 0.008005 0.072792 
0 0.633044 0.564017 0.021010 0.153083 
0 0.527250 0.318792 0.012896 0.084917 
0 0.437292 0.273479 0.011786 0.062125 
0 0.647690 0.299779 0.009151 0.072892 
1 0.720284 0.358337 0.002609 0.008825 
1 0.847316 0.489813 0.003122 0.009708 
