1 0.288875 0.257250 0.001807 0.005500 
1 0.273090 0.339408 0.002674 0.008717 
0 0.269784 0.315808 0.007307 0.054883 
0 0.207935 0.376400 0.010016 0.071367 
1 0.186372 0.422883 0.002891 0.009750 
1 0.165602 0.453775 0.021875 0.037933 
1 0.794897 0.416687 0.015414 0.026958 
1 0.846781 0.490204 0.003281 0.008908 
0 0.289805 0.390758 0.007682 0.087517 
0 0.334573 0.321437 0.007370 0.069708 
0 0.358237 0.332458 0.011109 0.088583 
0 0.416582 0.335992 0.011107 0.094983 
0 0.345516 0.284046 0.005932 0.069458 
0 0.404355 0.392042 0.009935 0.107417 
0 0.399229 0.284879 0.008927 0.072592 
0 0.793046 0.396579 0.010940 0.079158 
