1 0.290685 0.258146 0.001859 0.005208 
1 0.268122 0.343417 0.002766 0.008633 
0 0.269781 0.315517 0.007469 0.054300 
0 0.208711 0.376083 0.008760 0.071333 
1 0.186465 0.423217 0.002935 0.010033 
1 0.165599 0.453783 0.021870 0.037917 
1 0.794908 0.416721 0.015435 0.027025 
1 0.846729 0.490254 0.003177 0.008808 
0 0.286359 0.393550 0.013964 0.086233 
0 0.330376 0.325125 0.010648 0.069967 
0 0.355414 0.332825 0.014234 0.085517 
0 0.412503 0.336542 0.008328 0.095600 
0 0.346257 0.286896 0.007227 0.068875 
0 0.403637 0.391912 0.009023 0.106325 
0 0.398591 0.285071 0.008521 0.071308 
0 0.792749 0.394842 0.010346 0.075817 
