1 0.287740 0.256083 0.001807 0.005500 
1 0.274551 0.337696 0.002674 0.008725 
0 0.270424 0.315404 0.007745 0.055692 
0 0.207062 0.376558 0.009156 0.071383 
1 0.186315 0.422687 0.002865 0.009575 
1 0.165603 0.453767 0.021878 0.037950 
1 0.794889 0.416667 0.015398 0.026917 
1 0.846814 0.490171 0.003346 0.008975 
0 0.293788 0.389638 0.012424 0.089108 
0 0.338341 0.321121 0.011807 0.069925 
0 0.360655 0.332313 0.009888 0.090875 
0 0.418669 0.331817 0.010406 0.093983 
0 0.344427 0.283529 0.007724 0.067825 
0 0.406023 0.394646 0.011859 0.110042 
0 0.399267 0.284942 0.009018 0.072767 
0 0.793167 0.397658 0.011010 0.079150 
