1 0.284818 0.255175 0.001807 0.005500 
1 0.278250 0.336450 0.002677 0.008717 
0 0.272882 0.314221 0.006815 0.056558 
0 0.206437 0.377479 0.006995 0.070825 
1 0.186290 0.423025 0.002820 0.009283 
1 0.165608 0.453746 0.021888 0.037992 
1 0.794870 0.416604 0.015359 0.026792 
1 0.846880 0.490063 0.003432 0.009158 
0 0.299284 0.382679 0.007682 0.087525 
0 0.342684 0.317558 0.008336 0.070017 
0 0.365151 0.333450 0.011208 0.089267 
0 0.425324 0.328758 0.013122 0.092533 
0 0.343168 0.280167 0.007779 0.067167 
0 0.405065 0.402458 0.012161 0.111083 
0 0.402954 0.284075 0.007096 0.073800 
0 0.795068 0.400217 0.012797 0.077267 
