1 0.286299 0.255304 0.001807 0.005492 
1 0.276353 0.336917 0.002674 0.008717 
0 0.271393 0.314888 0.007161 0.055725 
0 0.206324 0.376637 0.007352 0.071392 
1 0.186240 0.422421 0.002828 0.009342 
1 0.165605 0.453758 0.021883 0.037967 
1 0.794880 0.416637 0.015380 0.026858 
1 0.846857 0.490129 0.003432 0.009058 
0 0.296055 0.388196 0.014141 0.088608 
0 0.339684 0.319633 0.012284 0.070400 
0 0.362776 0.332808 0.010698 0.089717 
0 0.421754 0.329396 0.011701 0.094708 
0 0.344154 0.281313 0.007318 0.066375 
0 0.406243 0.399042 0.013174 0.110867 
0 0.401056 0.284212 0.006846 0.073925 
0 0.793888 0.399496 0.012120 0.078708 
