1 0.285995 0.255046 0.001807 0.005492 
1 0.276645 0.336608 0.002674 0.008717 
0 0.271393 0.314888 0.007161 0.055725 
0 0.206346 0.376804 0.007281 0.071275 
1 0.186220 0.422358 0.002820 0.009283 
1 0.165605 0.453758 0.021883 0.037967 
1 0.794879 0.416629 0.015378 0.026842 
1 0.846867 0.490121 0.003453 0.009075 
0 0.296660 0.387379 0.012930 0.088708 
0 0.340229 0.319175 0.011396 0.070983 
0 0.363359 0.332633 0.010859 0.089150 
0 0.422803 0.329392 0.012117 0.094167 
0 0.343805 0.280525 0.007651 0.066450 
0 0.406057 0.399896 0.013474 0.110425 
0 0.401243 0.284021 0.006664 0.073692 
0 0.794057 0.399854 0.012458 0.077992 
