1 0.286603 0.255567 0.001810 0.005500 
1 0.275866 0.337229 0.002674 0.008725 
0 0.271070 0.315058 0.007354 0.055717 
0 0.206477 0.376637 0.007844 0.071392 
1 0.186258 0.422492 0.002839 0.009400 
1 0.165605 0.453763 0.021883 0.037958 
1 0.794883 0.416646 0.015385 0.026875 
1 0.846846 0.490142 0.003411 0.009033 
0 0.296056 0.388987 0.014138 0.088475 
0 0.339526 0.320533 0.012401 0.070683 
0 0.362159 0.332296 0.010474 0.088908 
0 0.421023 0.329750 0.011250 0.094167 
0 0.344141 0.282263 0.007734 0.066642 
0 0.406430 0.398183 0.012870 0.111300 
0 0.400247 0.284429 0.007995 0.073642 
0 0.793719 0.399133 0.011781 0.079433 
