1 0.285063 0.254788 0.001807 0.005492 
1 0.277811 0.336450 0.002674 0.008717 
0 0.272491 0.314221 0.006648 0.056558 
0 0.206415 0.377308 0.007065 0.070933 
1 0.186272 0.422858 0.002820 0.009283 
1 0.165608 0.453750 0.021888 0.037983 
1 0.794871 0.416608 0.015362 0.026800 
1 0.846878 0.490079 0.003438 0.009142 
0 0.298611 0.383975 0.009029 0.087950 
0 0.342155 0.318167 0.008216 0.070917 
0 0.364777 0.333437 0.011201 0.089042 
0 0.425115 0.329071 0.013036 0.092808 
0 0.343276 0.279725 0.006729 0.066250 
0 0.405335 0.401892 0.012701 0.110717 
0 0.402286 0.283854 0.006693 0.073508 
0 0.794788 0.400217 0.012794 0.077267 
