1 0.287414 0.256083 0.001807 0.005500 
1 0.275038 0.338008 0.002674 0.008717 
0 0.270424 0.315404 0.007745 0.055692 
0 0.206783 0.376637 0.008831 0.071392 
1 0.186296 0.422625 0.002857 0.009517 
1 0.165604 0.453767 0.021880 0.037950 
1 0.794888 0.416658 0.015396 0.026900 
1 0.846824 0.490162 0.003367 0.008992 
0 0.295260 0.389421 0.013802 0.088892 
0 0.339134 0.321275 0.012721 0.070450 
0 0.361156 0.332308 0.010083 0.090217 
0 0.419565 0.330462 0.010349 0.093075 
0 0.344277 0.283375 0.007940 0.067367 
0 0.406374 0.395825 0.011768 0.110467 
0 0.399232 0.284867 0.009089 0.073067 
0 0.793350 0.398146 0.011268 0.079242 
