1 0.285711 0.255175 0.001807 0.005500 
1 0.276986 0.336762 0.002674 0.008725 
0 0.271759 0.314667 0.006992 0.056000 
0 0.206370 0.376975 0.007208 0.071167 
1 0.186238 0.422525 0.002820 0.009283 
1 0.165607 0.453754 0.021885 0.037975 
1 0.794876 0.416625 0.015372 0.026833 
1 0.846870 0.490104 0.003448 0.009092 
0 0.297266 0.386563 0.011719 0.088792 
0 0.340964 0.318454 0.010130 0.070842 
0 0.363944 0.332458 0.011018 0.088583 
0 0.423854 0.329387 0.012536 0.093608 
0 0.343908 0.280625 0.006872 0.066250 
0 0.405872 0.400754 0.013776 0.109992 
0 0.401431 0.283829 0.006477 0.073458 
0 0.794227 0.400217 0.012797 0.077267 
