1 0.283115 0.255567 0.001807 0.005500 
1 0.280290 0.337163 0.002529 0.008208 
0 0.274840 0.315417 0.007143 0.057333 
0 0.207000 0.378946 0.006833 0.069725 
1 0.186342 0.423679 0.002820 0.009408 
1 0.165611 0.453737 0.021893 0.038008 
1 0.794858 0.416567 0.015336 0.026717 
1 0.846898 0.489987 0.003406 0.009275 
0 0.304904 0.382500 0.013474 0.087833 
0 0.347699 0.317808 0.011076 0.069550 
0 0.367704 0.333562 0.010008 0.089492 
0 0.427727 0.324862 0.010505 0.091392 
0 0.342547 0.278854 0.008266 0.065158 
0 0.406540 0.402463 0.010737 0.109742 
0 0.404443 0.285263 0.008250 0.073475 
0 0.797293 0.400229 0.009690 0.076208 
