1 0.283439 0.255825 0.001810 0.005500 
1 0.279882 0.336975 0.002529 0.008217 
0 0.274449 0.315021 0.007143 0.057075 
0 0.206706 0.378763 0.006432 0.069808 
1 0.186342 0.423604 0.002820 0.009342 
1 0.165611 0.453737 0.021893 0.038008 
1 0.794861 0.416575 0.015341 0.026733 
1 0.846896 0.490004 0.003411 0.009258 
0 0.303608 0.382667 0.011690 0.087500 
0 0.346447 0.317446 0.010284 0.070108 
0 0.366458 0.333450 0.008594 0.089267 
0 0.427176 0.325621 0.011435 0.090925 
0 0.342837 0.279783 0.008753 0.066283 
0 0.406154 0.402412 0.010437 0.110508 
0 0.404223 0.285188 0.008273 0.073625 
0 0.796915 0.400417 0.010445 0.076583 
