1 0.281152 0.254671 0.001695 0.005208 
1 0.282217 0.336042 0.002529 0.008217 
0 0.276518 0.314608 0.004964 0.056250 
0 0.208602 0.379350 0.008786 0.069633 
1 0.186319 0.423583 0.002820 0.009650 
1 0.165615 0.453725 0.021901 0.038033 
1 0.794844 0.416525 0.015307 0.026633 
1 0.846919 0.489900 0.003375 0.009417 
0 0.307953 0.380100 0.013302 0.086717 
0 0.350949 0.313883 0.006747 0.070100 
0 0.372262 0.335579 0.011518 0.089008 
0 0.428697 0.322937 0.010247 0.093458 
0 0.341951 0.275662 0.008437 0.064875 
0 0.408509 0.403450 0.011784 0.110217 
0 0.406401 0.285071 0.007578 0.073408 
0 0.798230 0.401996 0.009107 0.078492 
