1 0.284169 0.255567 0.001807 0.005500 
1 0.279077 0.337075 0.002674 0.008717 
0 0.273665 0.314221 0.007148 0.056558 
0 0.206542 0.378017 0.006760 0.070417 
1 0.186324 0.423358 0.002820 0.009283 
1 0.165609 0.453742 0.021891 0.038000 
1 0.794865 0.416587 0.015349 0.026758 
1 0.846888 0.490029 0.003422 0.009208 
0 0.300796 0.382779 0.008148 0.087275 
0 0.344290 0.317112 0.009065 0.069442 
0 0.365520 0.333450 0.010471 0.089267 
0 0.426082 0.327504 0.012617 0.091825 
0 0.342937 0.280529 0.008344 0.067342 
0 0.405533 0.402396 0.010810 0.111208 
0 0.403823 0.284592 0.007755 0.073933 
0 0.796048 0.400475 0.011732 0.077067 
