1 0.282328 0.255188 0.001698 0.005208 
1 0.280934 0.336975 0.002529 0.008217 
0 0.275370 0.315054 0.006979 0.056608 
0 0.207589 0.379308 0.007635 0.069550 
1 0.186342 0.423837 0.002820 0.009525 
1 0.165612 0.453733 0.021896 0.038017 
1 0.794853 0.416554 0.015326 0.026692 
1 0.846906 0.489958 0.003396 0.009317 
0 0.306234 0.382238 0.014786 0.087975 
0 0.348216 0.317612 0.009974 0.070442 
0 0.369688 0.333783 0.011823 0.089933 
0 0.428096 0.323346 0.010099 0.092308 
0 0.342327 0.277813 0.007779 0.066042 
0 0.407230 0.402679 0.011112 0.109092 
0 0.404885 0.285408 0.008198 0.073183 
0 0.797867 0.401288 0.008937 0.077792 
