1 0.283763 0.256083 0.001807 0.005500 
1 0.279371 0.337075 0.002674 0.008717 
0 0.274057 0.314621 0.007146 0.056808 
0 0.206624 0.378387 0.006596 0.070108 
1 0.186342 0.423525 0.002820 0.009283 
1 0.165611 0.453742 0.021893 0.038000 
1 0.794862 0.416579 0.015344 0.026742 
1 0.846891 0.490017 0.003417 0.009233 
0 0.302013 0.382846 0.009307 0.087192 
0 0.345368 0.317279 0.009674 0.069775 
0 0.365703 0.333450 0.010104 0.089267 
0 0.426630 0.326562 0.012026 0.091375 
0 0.342822 0.280712 0.008628 0.067425 
0 0.405767 0.402367 0.010133 0.111267 
0 0.404022 0.284888 0.008013 0.073775 
0 0.796538 0.400604 0.011201 0.076958 
