1 0.280382 0.254150 0.001695 0.005217 
1 0.283035 0.335296 0.002529 0.008208 
0 0.277081 0.312179 0.004734 0.060358 
0 0.208956 0.379433 0.009120 0.069800 
1 0.186296 0.423175 0.002820 0.009650 
1 0.165616 0.453721 0.021904 0.038042 
1 0.794840 0.416513 0.015299 0.026608 
1 0.846927 0.489871 0.003365 0.009458 
0 0.309184 0.377746 0.010711 0.085008 
0 0.352699 0.312046 0.006951 0.069258 
0 0.372169 0.335479 0.011839 0.089858 
0 0.429397 0.321992 0.009852 0.093350 
0 0.341833 0.275879 0.009042 0.064408 
0 0.408836 0.403796 0.011911 0.111075 
0 0.407169 0.284629 0.006599 0.073408 
0 0.798370 0.402433 0.009276 0.079017 
