1 0.275781 0.254104 0.001745 0.005642 
1 0.292348 0.328033 0.002576 0.008650 
0 0.285094 0.312196 0.008979 0.056275 
0 0.209703 0.376129 0.007990 0.071575 
1 0.186491 0.423321 0.003018 0.009742 
1 0.165626 0.453683 0.021924 0.038117 
1 0.794801 0.416392 0.015221 0.026367 
1 0.846986 0.489625 0.003279 0.009850 
0 0.320533 0.367983 0.008523 0.084617 
0 0.365242 0.307262 0.011234 0.069142 
0 0.374526 0.342375 0.010391 0.093750 
0 0.434490 0.310346 0.009276 0.088192 
0 0.340236 0.271288 0.007341 0.062258 
0 0.411359 0.406817 0.012370 0.111983 
0 0.413911 0.282429 0.006344 0.073975 
0 0.800116 0.408929 0.013831 0.082308 
