1 0.272698 0.253129 0.001745 0.005642 
1 0.299594 0.318975 0.002583 0.007717 
0 0.286314 0.309833 0.007211 0.056833 
0 0.209758 0.376254 0.007776 0.072225 
1 0.186474 0.423417 0.003036 0.009950 
1 0.165633 0.453658 0.021937 0.038167 
1 0.794776 0.416312 0.015172 0.026208 
1 0.847025 0.489462 0.003221 0.010092 
0 0.327409 0.364958 0.013047 0.084417 
0 0.373267 0.300725 0.010393 0.064717 
0 0.372018 0.347187 0.014818 0.094125 
0 0.434182 0.305425 0.009234 0.084983 
0 0.337451 0.273979 0.011818 0.056875 
0 0.412185 0.407358 0.011870 0.110450 
0 0.418018 0.283679 0.010474 0.074142 
0 0.804018 0.410658 0.010172 0.079850 
