1 0.273693 0.252221 0.001745 0.005642 
1 0.297079 0.322242 0.002576 0.008650 
0 0.286318 0.310008 0.007203 0.057183 
0 0.209724 0.376175 0.007844 0.071983 
1 0.186458 0.423208 0.003036 0.009950 
1 0.165630 0.453667 0.021932 0.038150 
1 0.794785 0.416342 0.015190 0.026267 
1 0.847009 0.489525 0.003242 0.010000 
0 0.326530 0.366237 0.014060 0.084575 
0 0.369074 0.303483 0.006852 0.068300 
0 0.372930 0.343496 0.013344 0.092125 
0 0.434112 0.307192 0.009370 0.087450 
0 0.339033 0.271658 0.009747 0.060017 
0 0.412070 0.406754 0.011641 0.111658 
0 0.417311 0.283008 0.010898 0.074150 
0 0.801850 0.410008 0.013174 0.079900 
