1 0.272943 0.252804 0.001745 0.005642 
1 0.299064 0.319442 0.002576 0.008650 
0 0.286357 0.309833 0.007125 0.056833 
0 0.209724 0.376158 0.007844 0.072317 
1 0.186470 0.423367 0.003039 0.009950 
1 0.165632 0.453662 0.021935 0.038158 
1 0.794779 0.416321 0.015177 0.026225 
1 0.847020 0.489479 0.003227 0.010075 
0 0.327206 0.365383 0.013453 0.084400 
0 0.372207 0.301104 0.009352 0.065908 
0 0.372298 0.346292 0.014570 0.093417 
0 0.434115 0.306275 0.009375 0.085617 
0 0.338082 0.273450 0.011492 0.057767 
0 0.412227 0.407250 0.011953 0.110667 
0 0.417665 0.283679 0.010763 0.074142 
0 0.803456 0.410446 0.010906 0.079775 
