1 0.270974 0.254037 0.001745 0.005642 
1 0.303473 0.315596 0.002398 0.008442 
0 0.285690 0.312108 0.007786 0.057617 
0 0.209855 0.376808 0.008008 0.071667 
1 0.186521 0.423458 0.003036 0.009950 
1 0.165635 0.453646 0.021943 0.038192 
1 0.794762 0.416271 0.015143 0.026125 
1 0.847046 0.489379 0.003190 0.010225 
0 0.331503 0.361396 0.009099 0.085042 
0 0.374322 0.299771 0.007659 0.068625 
0 0.369362 0.347513 0.010651 0.093058 
0 0.435914 0.302246 0.009813 0.084508 
0 0.332048 0.275121 0.010034 0.055425 
0 0.411930 0.409187 0.011219 0.111742 
0 0.421823 0.283158 0.006771 0.074350 
0 0.804685 0.409562 0.010182 0.080892 
