1 0.272008 0.253588 0.001745 0.005642 
1 0.300820 0.318042 0.002583 0.007717 
0 0.286092 0.310908 0.007430 0.056833 
0 0.209818 0.376437 0.007797 0.072042 
1 0.186482 0.423521 0.003036 0.009958 
1 0.165634 0.453654 0.021940 0.038175 
1 0.794771 0.416300 0.015161 0.026183 
1 0.847030 0.489433 0.003211 0.010133 
0 0.328589 0.362913 0.010823 0.083775 
0 0.373805 0.300875 0.009854 0.065083 
0 0.371411 0.347400 0.013740 0.093250 
0 0.434318 0.303717 0.008948 0.083733 
0 0.335810 0.275033 0.011714 0.055100 
0 0.412103 0.407575 0.011706 0.110017 
0 0.418947 0.283587 0.009315 0.074142 
0 0.804126 0.410646 0.010180 0.080542 
