1 0.271237 0.254104 0.001745 0.005642 
1 0.302889 0.316529 0.002398 0.008442 
0 0.285788 0.311887 0.007706 0.057358 
0 0.209901 0.376708 0.008063 0.071750 
1 0.186505 0.423542 0.003036 0.009950 
1 0.165635 0.453646 0.021943 0.038192 
1 0.794764 0.416279 0.015148 0.026142 
1 0.847040 0.489392 0.003195 0.010200 
0 0.330654 0.361488 0.008651 0.084358 
0 0.374146 0.300208 0.008115 0.067417 
0 0.370250 0.347504 0.011687 0.092825 
0 0.435368 0.302504 0.009367 0.083992 
0 0.332587 0.275383 0.009617 0.054900 
0 0.411979 0.408542 0.011458 0.110667 
0 0.420958 0.283283 0.007177 0.074250 
0 0.804517 0.409925 0.010185 0.080883 
