1 0.272456 0.253454 0.001745 0.005642 
1 0.300237 0.318788 0.002583 0.007725 
0 0.286204 0.310375 0.007320 0.056833 
0 0.209792 0.376346 0.007708 0.072142 
1 0.186479 0.423471 0.003036 0.009958 
1 0.165633 0.453658 0.021937 0.038167 
1 0.794773 0.416304 0.015167 0.026192 
1 0.847027 0.489450 0.003216 0.010117 
0 0.327999 0.363937 0.011935 0.084092 
0 0.373690 0.300567 0.010432 0.065367 
0 0.371715 0.347296 0.014279 0.093692 
0 0.434250 0.304571 0.009089 0.084358 
0 0.336819 0.274508 0.012143 0.055983 
0 0.412145 0.407467 0.011789 0.110233 
0 0.418372 0.283679 0.010182 0.074142 
0 0.804073 0.410654 0.010177 0.080192 
