1 0.270548 0.255012 0.001747 0.005642 
1 0.305285 0.313354 0.002398 0.008442 
0 0.285272 0.312638 0.008466 0.057058 
0 0.209724 0.377104 0.007844 0.071425 
1 0.186565 0.423212 0.003036 0.009958 
1 0.165638 0.453638 0.021948 0.038208 
1 0.794760 0.416262 0.015141 0.026108 
1 0.847055 0.489333 0.003177 0.010300 
0 0.333871 0.360246 0.011008 0.084675 
0 0.375991 0.298379 0.007445 0.067358 
0 0.366910 0.349346 0.007898 0.097142 
0 0.436876 0.301404 0.009878 0.084642 
0 0.330604 0.274458 0.011396 0.055750 
0 0.411510 0.410958 0.010714 0.114633 
0 0.423917 0.282992 0.008781 0.074017 
0 0.804665 0.409558 0.010310 0.080883 
