1 0.270711 0.253979 0.001745 0.005642 
1 0.304116 0.314846 0.002398 0.008442 
0 0.285551 0.312283 0.008013 0.057433 
0 0.209812 0.376908 0.007953 0.071583 
1 0.186535 0.423379 0.003039 0.009958 
1 0.165637 0.453642 0.021945 0.038200 
1 0.794760 0.416262 0.015141 0.026108 
1 0.847048 0.489367 0.003185 0.010250 
0 0.332419 0.361013 0.009990 0.084925 
0 0.375025 0.298817 0.006456 0.067367 
0 0.368474 0.347521 0.009615 0.093292 
0 0.436460 0.301988 0.010258 0.085025 
0 0.331510 0.274858 0.010453 0.055950 
0 0.411880 0.409829 0.010984 0.112808 
0 0.422613 0.283025 0.007742 0.074450 
0 0.804678 0.409562 0.010227 0.080892 
