1 0.271440 0.253912 0.001745 0.005642 
1 0.302221 0.316733 0.002583 0.007717 
0 0.285885 0.311671 0.007620 0.057092 
0 0.209872 0.376617 0.007974 0.071850 
1 0.186491 0.423625 0.003039 0.009950 
1 0.165634 0.453650 0.021940 0.038183 
1 0.794767 0.416283 0.015154 0.026150 
1 0.847038 0.489408 0.003201 0.010183 
0 0.329806 0.361575 0.008201 0.083683 
0 0.374033 0.300625 0.008695 0.066250 
0 0.370757 0.347504 0.012497 0.092825 
0 0.435018 0.302908 0.009229 0.083900 
0 0.333661 0.275267 0.010318 0.054967 
0 0.412021 0.407787 0.011542 0.109592 
0 0.420092 0.283413 0.007581 0.074142 
0 0.804349 0.410283 0.010182 0.080883 
