1 0.270630 0.254496 0.001745 0.005642 
1 0.304699 0.313729 0.002398 0.008442 
0 0.285411 0.312462 0.008240 0.057242 
0 0.209767 0.377004 0.007898 0.071508 
1 0.186549 0.423296 0.003036 0.009958 
1 0.165637 0.453642 0.021945 0.038200 
1 0.794760 0.416262 0.015141 0.026108 
1 0.847051 0.489350 0.003180 0.010267 
0 0.333336 0.360629 0.010880 0.084792 
0 0.375507 0.298596 0.006951 0.067358 
0 0.367781 0.348137 0.008969 0.094725 
0 0.436634 0.301729 0.009961 0.085542 
0 0.330971 0.274600 0.010870 0.056467 
0 0.411831 0.410475 0.010745 0.113883 
0 0.423251 0.282946 0.008237 0.074108 
0 0.804672 0.409562 0.010266 0.080892 
