1 0.267424 0.254238 0.001745 0.005642 
1 0.309431 0.308496 0.002398 0.008442 
0 0.283155 0.311975 0.006867 0.057883 
0 0.210180 0.377158 0.008057 0.070683 
1 0.186645 0.422821 0.003039 0.009958 
1 0.165642 0.453625 0.021956 0.038233 
1 0.794760 0.416262 0.015141 0.026108 
1 0.847182 0.489288 0.003031 0.009242 
0 0.336603 0.355883 0.009404 0.084567 
0 0.381243 0.296892 0.010013 0.067383 
0 0.364702 0.352096 0.011758 0.098308 
0 0.437339 0.297000 0.007823 0.081050 
0 0.324520 0.276100 0.009883 0.055133 
0 0.409725 0.413492 0.010982 0.113900 
0 0.423997 0.282608 0.008828 0.073617 
0 0.804607 0.409821 0.011036 0.080858 
