1 0.267125 0.254271 0.001745 0.005642 
1 0.311592 0.306625 0.002398 0.008433 
0 0.282307 0.313158 0.005958 0.059183 
0 0.210487 0.377696 0.008297 0.069608 
1 0.186612 0.423237 0.003036 0.009958 
1 0.165645 0.453617 0.021961 0.038250 
1 0.794760 0.416262 0.015141 0.026108 
1 0.847108 0.489671 0.002867 0.009258 
0 0.338702 0.353196 0.007544 0.081775 
0 0.383341 0.293925 0.006859 0.065983 
0 0.363036 0.354121 0.011792 0.098258 
0 0.437327 0.296367 0.007430 0.080933 
0 0.320642 0.280592 0.011008 0.047367 
0 0.409201 0.414204 0.011547 0.113592 
0 0.425156 0.282454 0.007016 0.074925 
0 0.804819 0.409867 0.011117 0.078800 
