1 0.269859 0.254887 0.001745 0.005642 
1 0.307152 0.310737 0.002398 0.008442 
0 0.284689 0.312358 0.008643 0.058117 
0 0.209934 0.377775 0.007846 0.071417 
1 0.186609 0.422962 0.003036 0.009958 
1 0.165639 0.453633 0.021951 0.038217 
1 0.794760 0.416262 0.015141 0.026108 
1 0.847065 0.489292 0.003161 0.010367 
0 0.335492 0.358958 0.011828 0.085250 
0 0.378311 0.298054 0.009732 0.067558 
0 0.365738 0.350604 0.009549 0.098792 
0 0.437427 0.299854 0.009349 0.082458 
0 0.327868 0.274321 0.009852 0.054575 
0 0.410568 0.412196 0.010646 0.115608 
0 0.424139 0.282654 0.008440 0.073525 
0 0.804645 0.409558 0.010435 0.080883 
