1 0.268034 0.253713 0.001745 0.005642 
1 0.308965 0.308867 0.002398 0.008433 
0 0.283551 0.311808 0.007378 0.057550 
0 0.210073 0.377083 0.007844 0.071000 
1 0.186654 0.422717 0.003036 0.009950 
1 0.165641 0.453625 0.021953 0.038233 
1 0.794760 0.416262 0.015141 0.026108 
1 0.847145 0.489283 0.003070 0.009617 
0 0.336148 0.356850 0.010109 0.085633 
0 0.380535 0.297258 0.010143 0.067483 
0 0.364802 0.351667 0.011422 0.098300 
0 0.437453 0.297529 0.008219 0.081392 
0 0.325441 0.275350 0.009065 0.056633 
0 0.409845 0.413117 0.010815 0.114217 
0 0.423802 0.282608 0.009219 0.073617 
0 0.804607 0.409821 0.011036 0.080858 
