1 0.267130 0.254171 0.001745 0.005642 
1 0.311066 0.306625 0.002398 0.008433 
0 0.282336 0.312733 0.005901 0.058867 
0 0.210440 0.377504 0.008391 0.069825 
1 0.186620 0.423129 0.003036 0.009958 
1 0.165643 0.453617 0.021958 0.038250 
1 0.794760 0.416262 0.015141 0.026108 
1 0.847126 0.489575 0.002909 0.009250 
0 0.338126 0.353096 0.007810 0.081142 
0 0.383263 0.294129 0.007776 0.065742 
0 0.363559 0.353587 0.011893 0.098275 
0 0.437276 0.296308 0.007531 0.080383 
0 0.321659 0.279096 0.011266 0.049758 
0 0.409337 0.414096 0.011414 0.113592 
0 0.424918 0.282454 0.007492 0.074925 
0 0.804772 0.409942 0.011211 0.078950 
