1 0.267141 0.253979 0.001745 0.005642 
1 0.309957 0.307746 0.002398 0.008442 
0 0.282759 0.312142 0.006357 0.058217 
0 0.210286 0.377238 0.008271 0.070358 
1 0.186637 0.422925 0.003039 0.009950 
1 0.165642 0.453621 0.021956 0.038242 
1 0.794760 0.416262 0.015141 0.026108 
1 0.847164 0.489383 0.002990 0.009250 
0 0.337057 0.354917 0.008698 0.083500 
0 0.381917 0.295971 0.009266 0.066842 
0 0.364602 0.352525 0.012099 0.098300 
0 0.437224 0.296475 0.007427 0.080717 
0 0.323599 0.276846 0.010703 0.053642 
0 0.409608 0.413875 0.011148 0.113583 
0 0.424104 0.282558 0.008781 0.074050 
0 0.804661 0.409862 0.011094 0.080225 
