1 0.270102 0.254887 0.001745 0.005642 
1 0.306452 0.312046 0.002398 0.008442 
0 0.285061 0.312450 0.008940 0.057767 
0 0.209863 0.377554 0.007846 0.071425 
1 0.186594 0.423046 0.003036 0.009958 
1 0.165639 0.453633 0.021951 0.038217 
1 0.794760 0.416262 0.015141 0.026108 
1 0.847061 0.489304 0.003164 0.010342 
0 0.335154 0.359517 0.011958 0.084800 
0 0.377503 0.298108 0.009057 0.067450 
0 0.366417 0.350096 0.008260 0.098642 
0 0.437358 0.300754 0.009711 0.082825 
0 0.328944 0.274142 0.010602 0.054217 
0 0.410871 0.411925 0.010648 0.116150 
0 0.424113 0.282700 0.008388 0.073433 
0 0.804651 0.409558 0.010391 0.080883 
