1 0.267135 0.254071 0.001745 0.005642 
1 0.310540 0.306996 0.002398 0.008442 
0 0.282363 0.312308 0.005846 0.058550 
0 0.210393 0.377312 0.008484 0.070042 
1 0.186628 0.423029 0.003036 0.009958 
1 0.165643 0.453621 0.021958 0.038242 
1 0.794760 0.416262 0.015141 0.026108 
1 0.847145 0.489479 0.002951 0.009258 
0 0.337512 0.353954 0.007992 0.082425 
0 0.382590 0.295050 0.008523 0.066283 
0 0.364079 0.353058 0.011997 0.098283 
0 0.437250 0.296392 0.007479 0.080550 
0 0.322676 0.277596 0.011523 0.052142 
0 0.409471 0.413983 0.011281 0.113583 
0 0.424512 0.282508 0.008138 0.074483 
0 0.804716 0.409900 0.011151 0.079583 
