1 0.269615 0.254887 0.001745 0.005642 
1 0.307738 0.310362 0.002398 0.008442 
0 0.284309 0.312175 0.008221 0.057933 
0 0.209980 0.377546 0.007846 0.071275 
1 0.186624 0.422879 0.003039 0.009958 
1 0.165639 0.453629 0.021951 0.038225 
1 0.794760 0.416262 0.015141 0.026108 
1 0.847069 0.489275 0.003154 0.010383 
0 0.335609 0.358392 0.011458 0.085133 
0 0.379120 0.298000 0.010406 0.067667 
0 0.365069 0.350921 0.010815 0.098542 
0 0.437496 0.298954 0.008982 0.082092 
0 0.326794 0.274504 0.009104 0.054942 
0 0.410264 0.412467 0.010648 0.115067 
0 0.424165 0.282608 0.008492 0.073617 
0 0.804632 0.409646 0.010633 0.080875 
