1 0.269089 0.254754 0.001745 0.005642 
1 0.308262 0.309617 0.002398 0.008433 
0 0.283931 0.311992 0.007799 0.057733 
0 0.210027 0.377312 0.007846 0.071142 
1 0.186638 0.422800 0.003036 0.009950 
1 0.165641 0.453629 0.021953 0.038225 
1 0.794760 0.416262 0.015141 0.026108 
1 0.847107 0.489279 0.003115 0.010008 
0 0.335727 0.357829 0.011089 0.085008 
0 0.379828 0.297629 0.010276 0.067575 
0 0.364901 0.351233 0.011083 0.098300 
0 0.437566 0.298054 0.008617 0.081725 
0 0.325719 0.274683 0.008354 0.055300 
0 0.409962 0.412733 0.010648 0.114533 
0 0.423983 0.282608 0.008857 0.073617 
0 0.804618 0.409733 0.010836 0.080867 
