1 0.267086 0.254988 0.001745 0.005642 
1 0.315974 0.301121 0.002401 0.007525 
0 0.281273 0.316113 0.007193 0.059775 
0 0.210888 0.376304 0.007651 0.072058 
1 0.186583 0.423829 0.003036 0.009958 
1 0.165650 0.453592 0.021971 0.038300 
1 0.794760 0.416262 0.015141 0.026108 
1 0.847068 0.489896 0.002786 0.009275 
0 0.345482 0.351000 0.014401 0.081000 
0 0.389224 0.291225 0.007797 0.066600 
0 0.355599 0.356217 0.015557 0.093850 
0 0.438147 0.294925 0.007857 0.076983 
0 0.316406 0.285529 0.007812 0.036608 
0 0.409289 0.415287 0.012464 0.112308 
0 0.426030 0.283467 0.005805 0.075683 
0 0.805130 0.409171 0.010833 0.078108 
