1 0.267094 0.254846 0.001745 0.005642 
1 0.315185 0.303033 0.002401 0.007617 
0 0.281687 0.315317 0.006677 0.059800 
0 0.210822 0.376750 0.007940 0.071167 
1 0.186576 0.423783 0.003036 0.009950 
1 0.165648 0.453600 0.021969 0.038283 
1 0.794760 0.416262 0.015141 0.026108 
1 0.847069 0.489883 0.002789 0.009267 
0 0.344815 0.352592 0.014120 0.081650 
0 0.387802 0.293012 0.010240 0.066092 
0 0.356978 0.355850 0.014279 0.095050 
0 0.437794 0.295329 0.007760 0.077792 
0 0.317139 0.286658 0.007596 0.036183 
0 0.408921 0.415179 0.011794 0.112308 
0 0.425922 0.282712 0.005849 0.075075 
0 0.805142 0.409350 0.010471 0.077767 
