1 0.267102 0.254754 0.001745 0.005642 
1 0.314164 0.303646 0.002401 0.007708 
0 0.281914 0.315050 0.006458 0.059600 
0 0.210656 0.376908 0.008167 0.071183 
1 0.186572 0.423754 0.003039 0.009958 
1 0.165647 0.453604 0.021966 0.038275 
1 0.794760 0.416262 0.015141 0.026108 
1 0.847070 0.489875 0.002786 0.009267 
0 0.344165 0.352908 0.013492 0.081850 
0 0.387540 0.293975 0.010492 0.066717 
0 0.357987 0.355108 0.012797 0.095717 
0 0.437625 0.296300 0.007823 0.079733 
0 0.317884 0.285771 0.008435 0.038292 
0 0.408824 0.415175 0.011466 0.112733 
0 0.425638 0.282454 0.006068 0.074925 
0 0.805049 0.409496 0.010656 0.078058 
