1 0.267115 0.254463 0.001745 0.005642 
1 0.312762 0.305504 0.002398 0.008442 
0 0.282195 0.314029 0.006125 0.059492 
0 0.210547 0.377588 0.008229 0.069992 
1 0.186596 0.423442 0.003036 0.009950 
1 0.165646 0.453612 0.021964 0.038258 
1 0.794760 0.416262 0.015141 0.026108 
1 0.847070 0.489862 0.002786 0.009275 
0 0.341342 0.352908 0.010336 0.081850 
0 0.385022 0.293479 0.008081 0.066375 
0 0.360353 0.354242 0.011742 0.097000 
0 0.437428 0.296483 0.007227 0.082033 
0 0.319195 0.282675 0.009865 0.043733 
0 0.408898 0.414850 0.011214 0.113600 
0 0.425634 0.282454 0.006060 0.074925 
0 0.804911 0.409721 0.010932 0.078508 
