1 0.267091 0.254896 0.001745 0.005642 
1 0.315391 0.302988 0.002401 0.007525 
0 0.281549 0.315579 0.006849 0.059792 
0 0.210844 0.376600 0.007844 0.071467 
1 0.186578 0.423796 0.003036 0.009958 
1 0.165648 0.453600 0.021969 0.038283 
1 0.794760 0.416262 0.015141 0.026108 
1 0.847068 0.489887 0.002786 0.009275 
0 0.345044 0.352508 0.014469 0.081483 
0 0.388396 0.292529 0.009187 0.065775 
0 0.356474 0.356225 0.015021 0.094717 
0 0.437880 0.294842 0.007729 0.076817 
0 0.316895 0.286279 0.007669 0.036325 
0 0.409038 0.415179 0.012029 0.112308 
0 0.426063 0.282842 0.005740 0.075150 
0 0.805189 0.409275 0.010378 0.077617 
