1 0.267096 0.254804 0.001745 0.005642 
1 0.314982 0.303083 0.002401 0.007717 
0 0.281802 0.315183 0.006568 0.059700 
0 0.210740 0.376829 0.008052 0.071175 
1 0.186574 0.423771 0.003039 0.009958 
1 0.165647 0.453604 0.021966 0.038275 
1 0.794760 0.416262 0.015141 0.026108 
1 0.847069 0.489879 0.002789 0.009275 
0 0.344490 0.352750 0.013807 0.081750 
0 0.387671 0.293492 0.010367 0.066400 
0 0.357482 0.355483 0.013536 0.095383 
0 0.437711 0.295813 0.007792 0.078758 
0 0.317510 0.286217 0.008016 0.037233 
0 0.408803 0.415179 0.011560 0.112308 
0 0.425779 0.282583 0.005958 0.075000 
0 0.805096 0.409425 0.010563 0.077917 
