1 0.267105 0.254654 0.001747 0.005642 
1 0.313725 0.304450 0.002398 0.007950 
0 0.282029 0.314917 0.006349 0.059500 
0 0.210573 0.376988 0.008281 0.071192 
1 0.186579 0.423650 0.003039 0.009950 
1 0.165646 0.453608 0.021964 0.038267 
1 0.794760 0.416262 0.015141 0.026108 
1 0.847070 0.489871 0.002786 0.009275 
0 0.343456 0.353296 0.012411 0.082408 
0 0.386853 0.293667 0.009992 0.066000 
0 0.358612 0.354463 0.011422 0.096042 
0 0.437560 0.296362 0.007625 0.080492 
0 0.318257 0.285325 0.008852 0.039350 
0 0.408845 0.415175 0.011372 0.113167 
0 0.425637 0.282454 0.006065 0.074925 
0 0.805004 0.409571 0.010747 0.078208 
