1 0.267120 0.254362 0.001745 0.005642 
1 0.312176 0.305688 0.002398 0.008442 
0 0.282280 0.313588 0.006013 0.059492 
0 0.210534 0.377887 0.008203 0.069392 
1 0.186604 0.423337 0.003036 0.009958 
1 0.165645 0.453612 0.021961 0.038258 
1 0.794760 0.416262 0.015141 0.026108 
1 0.847089 0.489767 0.002828 0.009267 
0 0.339979 0.353296 0.008687 0.082408 
0 0.384181 0.293704 0.007471 0.066175 
0 0.361694 0.354179 0.011768 0.097625 
0 0.437378 0.296425 0.007328 0.081483 
0 0.319626 0.282092 0.010747 0.044983 
0 0.409049 0.414529 0.011380 0.113592 
0 0.425396 0.282454 0.006536 0.074925 
0 0.804865 0.409792 0.011026 0.078650 
