1 0.267089 0.254938 0.001745 0.005642 
1 0.315740 0.302242 0.002401 0.007517 
0 0.281411 0.315850 0.007021 0.059783 
0 0.210866 0.376454 0.007747 0.071758 
1 0.186581 0.423812 0.003036 0.009958 
1 0.165650 0.453596 0.021971 0.038292 
1 0.794760 0.416262 0.015141 0.026108 
1 0.847068 0.489892 0.002786 0.009267 
0 0.345273 0.352425 0.014818 0.081317 
0 0.388585 0.291879 0.008940 0.066192 
0 0.356036 0.356221 0.015286 0.094275 
0 0.438013 0.294883 0.007792 0.076900 
0 0.316650 0.285908 0.007742 0.036467 
0 0.409155 0.415179 0.012263 0.112308 
0 0.426063 0.282842 0.005740 0.075150 
0 0.805159 0.409221 0.010604 0.077858 
