1 0.267078 0.255079 0.001745 0.005642 
1 0.315682 0.296633 0.002401 0.007517 
0 0.281104 0.315754 0.007193 0.059775 
0 0.211029 0.375475 0.007698 0.071600 
1 0.186587 0.423854 0.003039 0.009958 
1 0.165651 0.453588 0.021974 0.038308 
1 0.794760 0.416262 0.015141 0.026108 
1 0.847068 0.489904 0.002786 0.009275 
0 0.345684 0.349354 0.011576 0.080292 
0 0.390233 0.290354 0.006654 0.067025 
0 0.354576 0.355721 0.015328 0.093058 
0 0.438396 0.294967 0.008156 0.077067 
0 0.316171 0.284704 0.008560 0.040042 
0 0.409557 0.415504 0.012865 0.112325 
0 0.425964 0.284713 0.005938 0.076742 
0 0.805072 0.409062 0.011289 0.078592 
