1 0.267065 0.255267 0.001745 0.005633 
1 0.312680 0.281683 0.002354 0.007533 
0 0.280350 0.314750 0.006695 0.058667 
0 0.211311 0.373821 0.007794 0.070692 
1 0.186596 0.423913 0.003036 0.009958 
1 0.165654 0.453579 0.021979 0.038325 
1 0.794760 0.416262 0.015141 0.026108 
1 0.847065 0.489921 0.002786 0.009275 
0 0.349023 0.345629 0.007318 0.081242 
0 0.392290 0.290354 0.007940 0.067025 
0 0.349871 0.354121 0.009685 0.093308 
0 0.439030 0.294429 0.007961 0.078142 
0 0.315590 0.280850 0.009081 0.046250 
0 0.410096 0.416587 0.012396 0.112542 
0 0.425401 0.286162 0.007219 0.075508 
0 0.805070 0.408883 0.011630 0.078933 
