1 0.267057 0.255404 0.001745 0.005642 
1 0.309993 0.268412 0.002352 0.007525 
0 0.280103 0.316367 0.006201 0.058667 
0 0.211586 0.374279 0.007505 0.071608 
1 0.186604 0.423958 0.003036 0.009950 
1 0.165655 0.453575 0.021982 0.038333 
1 0.794760 0.416262 0.015141 0.026108 
1 0.847065 0.489933 0.002786 0.009267 
0 0.352103 0.344829 0.008424 0.083508 
0 0.393854 0.291542 0.008385 0.065750 
0 0.347953 0.354762 0.011505 0.091358 
0 0.438901 0.294162 0.008286 0.078675 
0 0.314650 0.276975 0.008930 0.054050 
0 0.410922 0.418250 0.012703 0.113500 
0 0.424798 0.286700 0.008372 0.074983 
0 0.805158 0.408775 0.011456 0.078717 
