1 0.267081 0.255038 0.001745 0.005642 
1 0.315917 0.299812 0.002401 0.007525 
0 0.281190 0.315929 0.007193 0.059775 
0 0.210960 0.375892 0.007674 0.071833 
1 0.186586 0.423842 0.003036 0.009950 
1 0.165651 0.453592 0.021974 0.038300 
1 0.794760 0.416262 0.015141 0.026108 
1 0.847068 0.489900 0.002786 0.009267 
0 0.345885 0.350667 0.013594 0.080333 
0 0.389863 0.290571 0.006654 0.067025 
0 0.355160 0.356212 0.015826 0.093408 
0 0.438279 0.294967 0.007922 0.077067 
0 0.316289 0.285112 0.008188 0.038325 
0 0.409423 0.415396 0.012664 0.112325 
0 0.425996 0.284087 0.005872 0.076208 
0 0.805100 0.409117 0.011060 0.078350 
