1 0.267055 0.255454 0.001745 0.005642 
1 0.309585 0.262058 0.002352 0.007533 
0 0.279878 0.316458 0.006026 0.058850 
0 0.212078 0.374100 0.008068 0.071250 
1 0.186605 0.423971 0.003039 0.009958 
1 0.165656 0.453571 0.021984 0.038342 
1 0.794760 0.416262 0.015141 0.026108 
1 0.847065 0.489938 0.002786 0.009275 
0 0.352504 0.344342 0.009440 0.084483 
0 0.394263 0.291704 0.008193 0.065425 
0 0.347382 0.355246 0.012581 0.090175 
0 0.438736 0.294162 0.008617 0.078675 
0 0.314514 0.276429 0.008940 0.055642 
0 0.411279 0.418725 0.012740 0.113383 
0 0.424673 0.287067 0.008570 0.074817 
0 0.805186 0.408737 0.011398 0.078642 
