1 0.267060 0.255362 0.001745 0.005642 
1 0.310811 0.274392 0.002352 0.007533 
0 0.280185 0.315825 0.006365 0.058667 
0 0.211493 0.374125 0.007602 0.071300 
1 0.186602 0.423942 0.003036 0.009950 
1 0.165655 0.453575 0.021982 0.038333 
1 0.794760 0.416262 0.015141 0.026108 
1 0.847065 0.489929 0.002786 0.009275 
0 0.351191 0.344813 0.009440 0.080892 
0 0.393401 0.291058 0.008484 0.066383 
0 0.348527 0.354279 0.010430 0.092558 
0 0.439065 0.294162 0.007958 0.078675 
0 0.315147 0.278208 0.009081 0.051583 
0 0.410568 0.417771 0.012667 0.113625 
0 0.424924 0.286342 0.008172 0.075150 
0 0.805129 0.408808 0.011513 0.078783 
