1 0.267073 0.255171 0.001745 0.005642 
1 0.314516 0.288229 0.002635 0.007542 
0 0.280797 0.315300 0.007026 0.059400 
0 0.211171 0.374650 0.007747 0.071150 
1 0.186592 0.423883 0.003039 0.009950 
1 0.165652 0.453583 0.021977 0.038317 
1 0.794760 0.416262 0.015141 0.026108 
1 0.847066 0.489913 0.002789 0.009275 
0 0.346855 0.347896 0.009232 0.077375 
0 0.390973 0.289925 0.006654 0.067017 
0 0.352534 0.354771 0.012589 0.092458 
0 0.438630 0.294967 0.008625 0.077067 
0 0.316055 0.283167 0.008932 0.041750 
0 0.409759 0.415833 0.012461 0.112117 
0 0.425747 0.285621 0.006474 0.076042 
0 0.805013 0.408958 0.011745 0.079083 
