1 0.267070 0.255221 0.001745 0.005642 
1 0.313615 0.285233 0.002354 0.007533 
0 0.280574 0.315025 0.006862 0.059033 
0 0.211240 0.374233 0.007771 0.070917 
1 0.186594 0.423900 0.003036 0.009950 
1 0.165652 0.453583 0.021977 0.038317 
1 0.794760 0.416262 0.015141 0.026108 
1 0.847066 0.489917 0.002789 0.009267 
0 0.347762 0.346121 0.008023 0.080925 
0 0.391632 0.290142 0.007299 0.067017 
0 0.351202 0.354446 0.011138 0.092892 
0 0.438831 0.294700 0.008292 0.077600 
0 0.315779 0.282050 0.009224 0.043567 
0 0.409859 0.415996 0.012260 0.112008 
0 0.425639 0.286071 0.006742 0.075692 
0 0.805042 0.408921 0.011687 0.079008 
