1 0.267062 0.255312 0.001745 0.005642 
1 0.311629 0.278692 0.002352 0.007533 
0 0.280268 0.315292 0.006531 0.058667 
0 0.211404 0.373975 0.007698 0.071000 
1 0.186599 0.423929 0.003036 0.009958 
1 0.165654 0.453579 0.021979 0.038325 
1 0.794760 0.416262 0.015141 0.026108 
1 0.847065 0.489925 0.002786 0.009267 
0 0.349980 0.345133 0.009440 0.080900 
0 0.392948 0.290571 0.008583 0.067025 
0 0.349099 0.353796 0.009354 0.093742 
0 0.439230 0.294162 0.007628 0.078675 
0 0.315401 0.279646 0.008937 0.048925 
0 0.410332 0.417179 0.012529 0.113092 
0 0.425163 0.286250 0.007695 0.075333 
0 0.805100 0.408846 0.011570 0.078858 
