1 0.267076 0.255129 0.001745 0.005642 
1 0.315391 0.292146 0.002401 0.007525 
0 0.281021 0.315571 0.007193 0.059775 
0 0.211099 0.375062 0.007724 0.071375 
1 0.186590 0.423871 0.003039 0.009958 
1 0.165651 0.453588 0.021974 0.038308 
1 0.794760 0.416262 0.015141 0.026108 
1 0.847068 0.489908 0.002786 0.009267 
0 0.346243 0.348396 0.010456 0.078375 
0 0.390603 0.290142 0.006654 0.067017 
0 0.353555 0.355246 0.013958 0.092758 
0 0.438513 0.294967 0.008391 0.077067 
0 0.316055 0.284287 0.008932 0.041758 
0 0.409658 0.415667 0.012664 0.112217 
0 0.425855 0.285162 0.006206 0.076392 
0 0.805042 0.409013 0.011516 0.078842 
