1 0.267047 0.255546 0.001745 0.005642 
1 0.309993 0.250467 0.002352 0.007533 
0 0.279424 0.316642 0.005682 0.059217 
0 0.213060 0.373738 0.009193 0.070525 
1 0.186611 0.424000 0.003039 0.009950 
1 0.165658 0.453567 0.021987 0.038350 
1 0.794760 0.416262 0.015141 0.026108 
1 0.847064 0.489946 0.002789 0.009275 
0 0.353211 0.344333 0.010453 0.083167 
0 0.394467 0.292125 0.007919 0.064583 
0 0.345902 0.355887 0.014878 0.088392 
0 0.439408 0.295025 0.009023 0.080833 
0 0.313247 0.275746 0.008505 0.061008 
0 0.411870 0.420013 0.012510 0.114025 
0 0.424716 0.287967 0.008432 0.073567 
0 0.805245 0.408662 0.011281 0.078492 
