1 0.267044 0.255596 0.001745 0.005642 
1 0.310753 0.245050 0.002354 0.007533 
0 0.279409 0.316642 0.005766 0.059217 
0 0.213457 0.373771 0.009612 0.070742 
1 0.186612 0.424012 0.003036 0.009958 
1 0.165658 0.453567 0.021987 0.038350 
1 0.794760 0.416262 0.015141 0.026108 
1 0.847064 0.489950 0.002789 0.009267 
0 0.353581 0.344075 0.010651 0.083300 
0 0.394569 0.292333 0.007784 0.064167 
0 0.345923 0.356533 0.014508 0.086933 
0 0.439743 0.295458 0.009227 0.081917 
0 0.313454 0.273396 0.007518 0.064375 
0 0.412107 0.420829 0.012245 0.114792 
0 0.424563 0.288150 0.008234 0.073033 
0 0.805273 0.408625 0.011224 0.078417 
