1 0.267029 0.255829 0.001745 0.005642 
1 0.314375 0.240750 0.002354 0.007533 
0 0.279172 0.317192 0.006188 0.059783 
0 0.214712 0.373287 0.009690 0.071425 
1 0.186646 0.423475 0.003036 0.009950 
1 0.165660 0.453554 0.021992 0.038375 
1 0.794760 0.416262 0.015141 0.026108 
1 0.847062 0.489971 0.002786 0.009275 
0 0.356444 0.340025 0.010232 0.082950 
0 0.395371 0.291833 0.007174 0.063833 
0 0.339195 0.357825 0.013031 0.084350 
0 0.440294 0.296779 0.006490 0.083275 
0 0.313500 0.273629 0.006964 0.065742 
0 0.413003 0.422642 0.012016 0.116050 
0 0.422404 0.289742 0.010870 0.073817 
0 0.804974 0.408837 0.011823 0.078575 
