1 0.267026 0.255871 0.001745 0.005642 
1 0.314607 0.241683 0.002354 0.007533 
0 0.279159 0.317300 0.006552 0.059733 
0 0.214803 0.373333 0.009508 0.071333 
1 0.186654 0.423367 0.003036 0.009950 
1 0.165661 0.453554 0.021995 0.038375 
1 0.794760 0.416262 0.015141 0.026108 
1 0.847062 0.489975 0.002786 0.009267 
0 0.356687 0.338775 0.009849 0.081533 
0 0.395892 0.291833 0.008216 0.063833 
0 0.337799 0.357658 0.011380 0.084017 
0 0.440242 0.297108 0.006182 0.083283 
0 0.313510 0.273858 0.006896 0.065283 
0 0.413507 0.422533 0.012154 0.116267 
0 0.422025 0.290142 0.011456 0.074950 
0 0.804974 0.408883 0.011823 0.078533 
