1 0.267039 0.255688 0.001745 0.005642 
1 0.312331 0.239817 0.002354 0.007533 
0 0.279379 0.316642 0.005930 0.059217 
0 0.214253 0.373833 0.010453 0.071167 
1 0.186626 0.423800 0.003039 0.009950 
1 0.165659 0.453563 0.021990 0.038358 
1 0.794760 0.416262 0.015141 0.026108 
1 0.847062 0.489958 0.002786 0.009267 
0 0.354318 0.343558 0.011052 0.083550 
0 0.395376 0.291721 0.006169 0.063392 
0 0.343365 0.357621 0.015849 0.085675 
0 0.440181 0.295904 0.007810 0.082808 
0 0.313443 0.273704 0.007401 0.064708 
0 0.412395 0.422012 0.011945 0.115642 
0 0.424255 0.288517 0.007844 0.071967 
0 0.805074 0.408708 0.011622 0.078583 
