1 0.267042 0.255638 0.001745 0.005642 
1 0.311512 0.241496 0.002352 0.007525 
0 0.279395 0.316642 0.005846 0.059217 
0 0.213855 0.373800 0.010034 0.070950 
1 0.186620 0.423904 0.003036 0.009958 
1 0.165658 0.453563 0.021987 0.038358 
1 0.794760 0.416262 0.015141 0.026108 
1 0.847062 0.489954 0.002786 0.009275 
0 0.353949 0.343812 0.010852 0.083425 
0 0.394973 0.292029 0.006977 0.063775 
0 0.344738 0.357088 0.015367 0.086325 
0 0.439962 0.295679 0.008518 0.082358 
0 0.313419 0.273854 0.007589 0.063958 
0 0.412344 0.421642 0.011979 0.115550 
0 0.424409 0.288333 0.008042 0.072500 
0 0.805173 0.408667 0.011424 0.078500 
