1 0.267031 0.255779 0.001745 0.005642 
1 0.313673 0.239817 0.002352 0.007533 
0 0.279241 0.317008 0.006102 0.059600 
0 0.214559 0.373471 0.009945 0.071342 
1 0.186639 0.423583 0.003039 0.009950 
1 0.165660 0.453558 0.021992 0.038367 
1 0.794760 0.416262 0.015141 0.026108 
1 0.847062 0.489967 0.002786 0.009267 
0 0.355734 0.341200 0.010505 0.083150 
0 0.395346 0.292000 0.006724 0.064167 
0 0.340594 0.357992 0.014682 0.084683 
0 0.440348 0.296454 0.006794 0.083258 
0 0.313491 0.273404 0.007029 0.066192 
0 0.412497 0.422750 0.011880 0.115833 
0 0.423021 0.289333 0.009859 0.073200 
0 0.804974 0.408796 0.011823 0.078625 
