1 0.267051 0.255496 0.001747 0.005642 
1 0.309643 0.255517 0.002354 0.007533 
0 0.279651 0.316550 0.005854 0.059033 
0 0.212569 0.373917 0.008628 0.070883 
1 0.186608 0.423987 0.003039 0.009958 
1 0.165656 0.453571 0.021984 0.038342 
1 0.794760 0.416262 0.015141 0.026108 
1 0.847065 0.489942 0.002786 0.009267 
0 0.352707 0.344008 0.009846 0.083817 
0 0.394365 0.291913 0.008057 0.065008 
0 0.346480 0.354992 0.014055 0.089350 
0 0.439072 0.294596 0.008820 0.079758 
0 0.313779 0.275962 0.008589 0.057408 
0 0.411633 0.419204 0.012776 0.113258 
0 0.424548 0.287429 0.008768 0.074642 
0 0.805216 0.408700 0.011339 0.078567 
