1 0.267035 0.255729 0.001747 0.005642 
1 0.313089 0.239254 0.002354 0.007525 
0 0.279310 0.316825 0.006016 0.059400 
0 0.214405 0.373650 0.010201 0.071250 
1 0.186633 0.423692 0.003036 0.009950 
1 0.165659 0.453558 0.021990 0.038367 
1 0.794760 0.416262 0.015141 0.026108 
1 0.847062 0.489963 0.002786 0.009275 
0 0.355027 0.342379 0.010779 0.083358 
0 0.395324 0.292167 0.006273 0.064500 
0 0.341990 0.358158 0.016333 0.085017 
0 0.440401 0.296125 0.007104 0.083250 
0 0.313467 0.273554 0.007216 0.065442 
0 0.412447 0.422379 0.011914 0.115742 
0 0.423638 0.288925 0.008854 0.072583 
0 0.804974 0.408750 0.011823 0.078667 
