1 0.267016 0.256012 0.001745 0.005642 
1 0.314258 0.241125 0.002354 0.007533 
0 0.279118 0.317629 0.007648 0.059575 
0 0.215081 0.372737 0.008953 0.070408 
1 0.186673 0.423042 0.003039 0.009950 
1 0.165663 0.453546 0.021997 0.038392 
1 0.794760 0.416262 0.015141 0.026108 
1 0.847060 0.489987 0.002786 0.009275 
0 0.358611 0.338246 0.010747 0.080675 
0 0.397237 0.291833 0.010906 0.063833 
0 0.335225 0.354275 0.011685 0.086950 
0 0.440242 0.297917 0.006182 0.081667 
0 0.313405 0.273492 0.007258 0.066350 
0 0.414551 0.422642 0.012289 0.116050 
0 0.421577 0.290692 0.011742 0.076550 
0 0.804974 0.409012 0.011823 0.078392 
