1 0.267010 0.256104 0.001745 0.005642 
1 0.312271 0.235892 0.002354 0.007533 
0 0.279091 0.317846 0.008380 0.059475 
0 0.215267 0.371383 0.008581 0.068900 
1 0.186687 0.422825 0.003036 0.009950 
1 0.165664 0.453542 0.022000 0.038400 
1 0.794760 0.416262 0.015141 0.026108 
1 0.847060 0.489996 0.002786 0.009275 
0 0.359473 0.337313 0.011263 0.080542 
0 0.397845 0.291833 0.012122 0.063833 
0 0.333273 0.351929 0.010068 0.083975 
0 0.440176 0.297600 0.006315 0.082750 
0 0.313247 0.270863 0.007828 0.069608 
0 0.414988 0.422750 0.011951 0.115833 
0 0.421447 0.290667 0.011482 0.076167 
0 0.804974 0.409104 0.011823 0.078292 
