1 0.267004 0.256196 0.001747 0.005642 
1 0.309176 0.231404 0.002352 0.007525 
0 0.278924 0.318388 0.008208 0.059475 
0 0.215521 0.370175 0.008245 0.068867 
1 0.186687 0.422708 0.003036 0.009950 
1 0.165665 0.453538 0.022003 0.038408 
1 0.794760 0.416262 0.015141 0.026108 
1 0.847060 0.490004 0.002786 0.009275 
0 0.361104 0.337204 0.012609 0.080758 
0 0.397742 0.292492 0.010974 0.063850 
0 0.331273 0.349792 0.009500 0.083583 
0 0.439837 0.297337 0.006852 0.082442 
0 0.312348 0.272721 0.009487 0.065608 
0 0.415326 0.422750 0.011276 0.115833 
0 0.420909 0.290692 0.010406 0.076550 
0 0.804974 0.409192 0.011823 0.078200 
