1 0.267020 0.255962 0.001747 0.005642 
1 0.314375 0.241308 0.002354 0.007533 
0 0.279132 0.317521 0.007284 0.059625 
0 0.214987 0.373417 0.009141 0.071167 
1 0.186667 0.423150 0.003036 0.009950 
1 0.165663 0.453550 0.021997 0.038383 
1 0.794760 0.416262 0.015141 0.026108 
1 0.847061 0.489983 0.002789 0.009267 
0 0.357549 0.337758 0.009839 0.081650 
0 0.396934 0.291833 0.010299 0.063833 
0 0.336357 0.355417 0.012130 0.086000 
0 0.440242 0.297646 0.006182 0.082208 
0 0.313462 0.273787 0.007044 0.065592 
0 0.414281 0.422533 0.012286 0.116267 
0 0.421642 0.290704 0.011872 0.076742 
0 0.804974 0.408971 0.011823 0.078442 
