1 0.266992 0.256387 0.001745 0.005642 
1 0.303247 0.231112 0.002411 0.008442 
0 0.278594 0.319463 0.007865 0.059475 
0 0.215889 0.369808 0.007440 0.068883 
1 0.186660 0.422679 0.003039 0.009958 
1 0.165668 0.453529 0.022008 0.038425 
1 0.794760 0.416262 0.015141 0.026108 
1 0.847066 0.490038 0.002789 0.009275 
0 0.362467 0.337200 0.011732 0.080317 
0 0.398346 0.294917 0.009089 0.064833 
0 0.328337 0.345375 0.012779 0.082500 
0 0.438823 0.299492 0.008604 0.082017 
0 0.313904 0.275500 0.007182 0.061050 
0 0.414835 0.426771 0.011023 0.118958 
0 0.418870 0.289896 0.008510 0.076208 
0 0.805061 0.409279 0.011648 0.078108 
