1 0.267013 0.256058 0.001745 0.005633 
1 0.313673 0.239629 0.002352 0.007525 
0 0.279104 0.317738 0.008016 0.059525 
0 0.215174 0.372063 0.008766 0.069658 
1 0.186680 0.422933 0.003036 0.009950 
1 0.165663 0.453542 0.021997 0.038400 
1 0.794760 0.416262 0.015141 0.026108 
1 0.847060 0.489992 0.002786 0.009267 
0 0.358632 0.337779 0.010185 0.080608 
0 0.397542 0.291833 0.011516 0.063833 
0 0.334600 0.353313 0.011581 0.085875 
0 0.440208 0.297754 0.006250 0.082208 
0 0.313349 0.273200 0.007469 0.067100 
0 0.414819 0.422750 0.012289 0.115833 
0 0.421512 0.290679 0.011612 0.076358 
0 0.804974 0.409058 0.011823 0.078350 
