1 0.266952 0.256571 0.001935 0.005642 
1 0.292970 0.254854 0.002654 0.008442 
0 0.279108 0.322892 0.007378 0.054200 
0 0.216840 0.369708 0.007518 0.070917 
1 0.186613 0.422629 0.003039 0.009958 
1 0.165672 0.453512 0.022016 0.038458 
1 0.794760 0.416262 0.015141 0.026108 
1 0.847094 0.490125 0.002786 0.009267 
0 0.365495 0.334983 0.008281 0.083200 
0 0.395809 0.296833 0.009690 0.060333 
0 0.321496 0.338721 0.009664 0.085558 
0 0.437461 0.304875 0.008880 0.083917 
0 0.313953 0.276583 0.006615 0.060633 
0 0.414070 0.432646 0.011271 0.120375 
0 0.415661 0.294963 0.007984 0.080242 
0 0.804977 0.409279 0.011620 0.078108 
