1 0.266961 0.256571 0.001870 0.005642 
1 0.294431 0.249246 0.002654 0.008442 
0 0.279137 0.322954 0.007435 0.054075 
0 0.216660 0.370154 0.007721 0.070025 
1 0.186620 0.422637 0.003036 0.009958 
1 0.165671 0.453517 0.022013 0.038450 
1 0.794760 0.416262 0.015141 0.026108 
1 0.847090 0.490113 0.002789 0.009275 
0 0.365177 0.335150 0.008760 0.083533 
0 0.396270 0.297013 0.008971 0.059975 
0 0.322357 0.340342 0.009833 0.084483 
0 0.437717 0.304175 0.008924 0.083600 
0 0.313852 0.276258 0.006615 0.060633 
0 0.414151 0.432067 0.011349 0.121033 
0 0.415633 0.294608 0.008266 0.080783 
0 0.804993 0.409279 0.011654 0.078108 
