1 0.266674 0.255954 0.001714 0.005442 
1 0.282695 0.342104 0.003016 0.009492 
0 0.277746 0.320000 0.006841 0.059333 
0 0.217155 0.368158 0.006888 0.070517 
1 0.186591 0.422762 0.003036 0.009958 
1 0.165678 0.453488 0.022029 0.038508 
1 0.794760 0.416262 0.015141 0.026108 
1 0.847072 0.490271 0.002904 0.009342 
0 0.368398 0.334246 0.010156 0.081508 
0 0.387348 0.298667 0.010128 0.067000 
0 0.314600 0.324896 0.010122 0.073625 
0 0.434939 0.309529 0.009143 0.086558 
0 0.313297 0.278046 0.010958 0.058408 
0 0.414725 0.432662 0.012336 0.119892 
0 0.412031 0.296304 0.008229 0.079175 
0 0.804793 0.409279 0.011253 0.078108 
