1 0.266741 0.255804 0.001732 0.005442 
1 0.282719 0.322554 0.002479 0.008892 
0 0.278083 0.318117 0.007010 0.063183 
0 0.217145 0.368267 0.006961 0.070733 
1 0.186579 0.422658 0.003039 0.009950 
1 0.165676 0.453496 0.022023 0.038492 
1 0.794760 0.416262 0.015141 0.026108 
1 0.847125 0.490225 0.002786 0.009267 
0 0.368469 0.334454 0.010495 0.079992 
0 0.390577 0.298438 0.010737 0.064425 
0 0.316694 0.325329 0.009826 0.075508 
0 0.435526 0.306212 0.008036 0.084658 
0 0.313858 0.278517 0.012284 0.061933 
0 0.414358 0.432363 0.011846 0.120075 
0 0.412939 0.295904 0.006971 0.080142 
0 0.804842 0.409279 0.011352 0.078108 
