1 0.266824 0.256238 0.001805 0.005425 
1 0.287538 0.282517 0.002654 0.008450 
0 0.278858 0.319742 0.007440 0.059067 
0 0.217124 0.369383 0.007107 0.071167 
1 0.186586 0.422604 0.003036 0.009958 
1 0.165674 0.453504 0.022021 0.038475 
1 0.794760 0.416262 0.015141 0.026108 
1 0.847109 0.490175 0.002786 0.009267 
0 0.367490 0.334354 0.010422 0.081075 
0 0.393734 0.297792 0.012089 0.063583 
0 0.318538 0.332600 0.007716 0.077800 
0 0.436823 0.304875 0.008073 0.084133 
0 0.314701 0.276708 0.008776 0.059583 
0 0.413691 0.433029 0.012044 0.120108 
0 0.415038 0.296225 0.006904 0.079717 
0 0.804910 0.409279 0.011487 0.078108 
