1 0.266585 0.256937 0.001716 0.005442 
1 0.287040 0.323617 0.002638 0.008433 
0 0.295937 0.312696 0.008906 0.057408 
0 0.216549 0.370392 0.007266 0.071550 
1 0.186587 0.422946 0.003039 0.009958 
1 0.165697 0.453421 0.022065 0.038642 
1 0.794760 0.416262 0.015141 0.026108 
1 0.847237 0.490342 0.003130 0.009483 
0 0.362779 0.335108 0.009479 0.079983 
0 0.355478 0.300550 0.007362 0.060767 
0 0.299807 0.297438 0.009604 0.063342 
0 0.423875 0.327404 0.009891 0.092308 
0 0.318064 0.284550 0.010331 0.058800 
0 0.415699 0.433154 0.012206 0.119775 
0 0.398862 0.306121 0.011380 0.079942 
0 0.804866 0.410046 0.011695 0.078292 
