1 0.165118 0.453158 0.022773 0.039017 
1 0.186487 0.422258 0.002807 0.010017 
1 0.205376 0.399454 0.002576 0.008742 
1 0.795003 0.416008 0.015255 0.025483 
0 0.225492 0.389229 0.008094 0.078658 
0 0.518957 0.288583 0.009117 0.067000 
0 0.522999 0.342000 0.020227 0.097250 
0 0.653867 0.398067 0.016302 0.101117 
0 0.695402 0.310004 0.009872 0.066175 
0 0.738158 0.321758 0.007435 0.061400 
0 0.654659 0.515575 0.016776 0.136483 
0 0.586648 0.352975 0.018786 0.097050 
0 0.483492 0.265346 0.012026 0.061358 
0 0.707535 0.341212 0.013576 0.071242 
1 0.729945 0.342829 0.002182 0.007675 
1 0.847316 0.489813 0.003122 0.009708 
